#define AnalogoutA 25
     #define AnalogoutB 26
   
    int sinus[] ={
      128, 131, 134, 137, 141, 144, 147, 150, 153, 156,
159, 162, 165, 168, 171, 174, 177, 180, 183, 186,
189, 191, 194, 197, 199, 202, 205, 207, 209, 212,
214, 217, 219, 219, 223, 225, 227, 229, 231, 233,
235, 236, 238, 240, 241, 243, 244, 245, 246, 247,
248, 249, 250, 251, 252, 253, 253, 254, 254, 255,
255, 255, 255, 255,255, 255, 255, 255, 255, 254, 254, 254,
253, 253, 252, 251, 250, 249, 248, 247, 246, 245, 243, 242,
240, 239, 237, 236, 234, 232, 230, 228, 226, 224, 222, 220, 218,
215, 213, 211, 208, 206, 203, 201, 198, 195, 193, 190, 187, 184,
181, 179, 176, 173, 170, 167, 164, 161, 158, 155, 152, 148, 145,
142, 139, 136, 133, 130, 126, 123, 120, 117, 114, 111, 108, 104,
101, 98, 95, 92, 89, 86, 83, 80, 77, 75, 72, 69, 66, 63, 61, 58,
55, 53, 50, 48, 45, 43, 41, 38, 36, 34, 32, 30, 28, 26, 24, 22,
20, 19, 17, 16, 14, 13, 11, 10, 9, 8, 7, 6, 5, 4, 3, 3, 2, 2, 1,
1, 0, 0, 0, 0, 0, 0, 0, 1, 1, 1, 2, 2, 3, 4, 4, 5, 6, 7, 8, 10,
11, 12, 13, 15, 16, 18, 20, 21, 23, 25, 27, 29, 31, 33, 35, 37,
39, 42, 44, 47, 49, 51, 54, 57, 59, 62, 65, 67, 70, 73, 76, 79,
82, 85, 88, 91, 94, 97, 101, 103, 106, 109, 112, 115, 119, 122, 125
    };
    
 void setup() {
      pinMode(AnalogoutA,ANALOG); 
       pinMode(AnalogoutB,ANALOG); 
      
}
void loop() {
  
      for(int dacVal=0; dacVal<255; dacVal++)
      {
          //sin
           dacWrite(AnalogoutA,sinus[dacVal]);
           delayMicroseconds(10000);
           //patrat
           if(sinus[dacVal]>128)
           
           dacWrite(AnalogoutB,255);
           else
        
            dacWrite(AnalogoutB,0);
          
           
           
      }

 

}